788

Τὴοοῗὲιέιιξιόι περὶ 115115νῆ 882, 8.
Theo pompus 21, 18. 27, 15. 15, 6.
88,1. 85, 17. 88, 1. 71,15. 75,1.
110,21. 151, 12.’ 170, 18. 171, 20.
110, 17. 278, 11. 882, 7. 8821.
112, 1. 118, 2. 171, 5. 571, 18.
578, 5. 880, 15. 881, 5. 850, 22.
(878, 8.) Ἑλληνικῶν α’ 817, 10.
5¹ 181, 12. 581, 8. 8888. ς’712,
η’270, 1.811,18.811,11.
108, 1. Φιλιππικῶν α’ 70, 2.
155,’1.882,.γ5’215,1.807,10.
882,8. 1181, 5. ”128, ’18. 110 28
ς’288, 121111. η’,71112. 0’
281,10. 100,10. 858,11. ι’881,
22. ιγ ’,11 12. ιε’ 281, 21. 888,
11. 11572, 18. 111’1,05 17. 101,
22. 1117 812, 18. 511, 11. 018,
15-18. κγ 58 2. 1858. 1117 117
11.188,1111.1587 218,8.
188,11.’.578,8 111’,21818.151,
115812. κς’1075 111801.
888,2.187,18.178,7.151111,
10. 25887, 11. 217185, 1. 21’
17, 8. 118, 7. 181, 7. 818, 11.
μ’211, 15. 288, 2. 818, 1. 511, 8.
pff 880, 5. 151, 18. 1111281, 1.
818,.1 188,7.181,.2 με 827, 1.
8811 μ1115,1.111,11.μ,’
217, 21. ”’μθ 112, 11. ’ν’,881 8.
111881, 18. 1171518. 117111,
22. νε’8,.825 881,17. νς ’,.101
8120 211,10. 120,18. νζ 1178.
Thrasy 8111111 217, 10.
1155110111111. α’18,.5 151,.8
288, 1. 218, 22. 810, 1. 17 111,
18. ’218,1. 281, 10. 875, 8. 108,
11.117,10. 155,12.181,1.
- 5811 ’581,8. 821,0. 851,11.
712, 8.γ’2’0,20. 12,7. 105,11.
18,0 11111, ’1. 801, ’18. 811, 10.
877,1.888,’7.180,18.18210.
185, 18. 185, 18. 110, 21. 828, 2.
857,18.870,2.171οἱ111218.
150, 21. 117, 12. 282, 7. 218, 22.
870, 18. 187, 7. 581, 28. 851, 25.
857,18. ε’112,18.100,7. ς’

271, 11.105,2.108, 18. 587, 1.
ζ’ 270, 7. 180, 8. η’ 171, 17.
225, 5281, 21. 158, 1. 188, 15.
811, 11. 081, 8. 882, 2. 818, 17.

Timaeus 115, 5. 111, 7. 285, 10.
185,10.51.511881,18. .

Timagenes βασιλέων α’ 158, 18.

Timagoras 588, 18.

Timocrates Adramyttenus 181, 22.

Timosthenes 72, 8. 105, 7. 127, 11.
5111171111μῴ 11, 2.

Timotheus 118, 2.

Trypho 117 2. 801, 5. n 111111νὺ-
μοις 28 8. 87, 11.’ 215, 18151,
1111111 111111 παρωνύμων 108,
18. 111, 8. 508, 7.

Vrania· Λριιβικοις 181 18. 880,18.
181,8.175,12.178’, 11. 178,1.
178,5. 887, 11. ’A (1181115111 711,
15581,1.581,5.”881,11.11’87,
51111.271,18.111,7.188,1.
118,.8 518,1.γ ’,.58 25,’1.
118’,8.152,22.’218,1.808,
12. 871, 2. 582, 21. 808, 21. δ’
88, 5. 281, 8. 182,15. ι’ 188, 8.

7111111151 182,8. 111, 1. Λυδιακοις
281,10.1’11,17. 1158111κῶ11
120,1.121,11. 8118, 8. 587,
10.γ ’2,88 11. 17 181,15.188,
8111158820.

Xenagoras 51, 18. 801, 17. 818,.1
Xen101s<mmoes11515ms.
281, 17. 270, 1. 351, 2. 851, 11.
110, 8112, 11. 110, 18. 818, 1.
858, 0. 802, 8117. 708, 8-8,
Xenophon 128, 8. ἀναβάσεως’ ιι
88820188, 5. γ’ 858, 1,151,
18.ι1’5782012,817.ς’12,2,
18.8’11’2,11.Ε11.ηνικ1ιινα’
187, 5. 810,’5. γ’,.5711ς’287,
11.ζ’272,1.110,15.1ππιιρ-

1311211011 ¹555, 18. Κύρου 1111181111

Xtffiphgn’ ιιιιιιιετρήσεσι 115νό111511
zenodotus 181, 11. 217, 7.
Zopyrus 150 12. “

 

