735

Salustius 32, 10.
8011000005510233,3.278,12.
Ἀο111117,13. 1111011111000011 ’508,
10. Εὐρ (1151111 11, 2
80101100111010001111 185,17.
80101100011110108, 11. 011, 1.
Sibyllae sersus 035, 15.
· 81101100 ῥ’ 108, 11.
8101011008110111110218, 8. ’.1115110111
302,1. 1110118718.
Simonides Cous 58, 18. 57, 3
(801011..)1 1110111.
(8οἱ0101) 828, 21.

801) 00110100 Κύρου 1100811011 358,
11.002,12. 875,11.888,1.
Sophocles 37, 1, 20113. 78, 8. 82,
10. 02,18.127,18. 010,17.
Αἰγεῖ 000, 11. ΛΙχμ111ω1ίσιν
101, 8. 287, 10. 087, 1. ’.1105111-
1111111 130, 10. 280, 20. Ερμιόνῃ
28,1.Ηρο1111ῖο00,12.111-
1101111707,11.Λ111110110102073.
381,15. Λημνίαις 800 10. Λη-
1101111101111011110 00257, 5. Νο0111101
καταπλέοντι 135, 5. Ὀδυσσεῖ
1111111 00011111 217, 17. 218, 20120.
01010011121111101010111 700, 0. 1711-
111257, 0. 802,0. Ποιμέων 212
21. 802, 0. Teutono 800 20.
Τριιχ11”,.1111ς2188 170, 0. 187, 11.
Τυμ11111101011080, 13. Φιλοκτήτῃ
53⁷: 113. Φινεῖ11’170,0. 1)(115111
Sophocles, Apollonii Rhodii oom-
11101110101 1, 10. 8, 0. 202,’“ 11.

003, 18. 871, 11. 712,1. ι’ 57,
11. 71, 17. 151, 20 (1111101101).
210, 23. 217, 1. 310,10. 350,13.
302, 20. 883, 1. 105, 11. 120, 8.
15512. 100,10. 508,17. 501,13.
000, 0. 012, 8. 080, 18. 101’51,1.
80, 11. 83, 15. 01, 2. 03 5 100,
11.102,11. 103, 15 0110.
110,10.125,15.128,1.131,1.
135,10.115,0.150,13.177,13.
’100, 12. 200, 13. 218, 0. 288, 2.
285,17. 201, 15. 208, 7. 208, 3.
302, 12. 307, 13. 135, 0. 137, 0.
113, 10110, 12101, 1. 581, 1.
507, 2. 008, 15. 117 15,12. 31,
3. 70, 0. 88,-22. 81, 8,001
18. 85, 22. 88,10. 208, 5.
318, 7. 317, 0010. 300, 3. 307,
20. 370, 3. 120, 5. 10215. 103,
21. 107, 0. 502, 3. 025, 5. 810, 7.
085, 10. 008, 12. 072, 22. 080, 0.
ιγ’ 38,1. 83,10. 01,12. 110,17.
108, 21. 213,10. 311, 7010. 352,
7 307, 0. 118,1. 171, 0. 581, 11.
580, 13. 082, 13. sd* 83, 8. 120,
· 8. 120, 10. 210, 8. 238, 0. 380,
21. 105, 8.100,0.118,0.101,
15. 501,17. 008,11. 812,13.
032, 8. 703, 22. ιε’ 238, 3. 281,
10 3003. 1102..8 710,0.1ς’201
10.111,.8 123,0.101,20.221,1.
250, 11. 321, 20. 308, 0. 878,11.
133, 2. 153, 0. 170, 12. 177, 3.
571, 0. 501, 8. ιζ’ 0, 8. 35, 12.
50, 20. 230, 10. 278, 10. 200,11.

353, 8. 207, 15. 801, 12. 308, 1. 355, 0.
8001101011Ρ110110101110150, 15. 111,18.115,3.170,13.177,18.
810111000011οζ11111011010 212,10(ι1111 515, 0. 501, 1.

1111000100.) προτεχνολογὴμασι 00111011110101101111108,10.(Θεσ-

11111 ἐθνικῶν 17, 20. 0011110101 217, 5.

8111111012, 7. γ’87, 17. 01, 10. 81000100211101021128513.

351, 0.11’100,10.ε’28,17. 0111111011ςο, 1. 50, 1. 70, 0. 110-

05,13. 115,17.’100,5.501,10. 1011101100 110,10. 217,11. 111101-

871,18. 712,10. ς’115,11. 10111110 281 11.

310,1. 3551. 105, 0. 800, 1. Teucer Cyzicenos 181, 10.

ζ’ 10,11.32,17. 13,11. 52,1. Theogenes 50, 0. 105, 5. 825,18.
“ 80, 0. 110, 1. 183, 8. 237, 21. 07011000110011 78, 18. 157, 12.

207, 5. 27812. 300, 7. 312, 5. 205, 3. 300, 8. 113, 20. 152, 2.

318, 20. 378, 7. 382, 8. 387, 8. 151, 11. 100, 0. 101, 20. 105, 5.

300, 11. 113, 12120, 3. 178, 2. 107, 18. 501, 0. 578, 8. 07512.

178, 23. 181, 3. 103, 5. 501, 11. 1101110010 300, 0.

587, 7. 50013. 801, 8. 013, 8. (Theocritus) 20, 5. 301, 3.

828, 0. 070, 0. osmi. 118012. Τ11001101111110302, 11.

213, 7. 382, 22. 117, 11. 118, 3. ’11100 850, 18. commentator Ly -

170, 100120. 172, 8. 837,13. οορ1110111050,12.78,1.115,5.

11103. 15,13.0.“1,1.310,10. 300,7. Ν1011111111375,1Ι.

100, 5. 113, 5. 130, 3 01 10. 711001111ιί00περ1111111111οςΣ11111111ς10’

112,7.158,12.170,17.813,13. 1,οὓ 0.

 

