' 719

Epaphroditus 15, 11 et 17 158,1.
111, 5. 137,3. 13111 (151, 57).
188, 1. 11111. 311,18.111,11.
·111, 18. 551,15.111,11. ὑπο-
1111111151111
111,1.181,11.111,3.

115155551,1.1,1.13,8. 711.
81, 5.11,5. 111,.1 151,.1 113,
1.173,15111 171,11.181,’
15.188,11.111,17.171,1.311,
11. 311,1. 151, 11. 171,17. 178,
8. 51111. 5511. 51117. 113,
11. 5111,8.γ’31,11.,1111.
151, 5. 581 5 ε’,113.,187, 13.
351ξ11.111,8.181, 1. ς’73, 11.
571,8.1’155,11.ι’517,17.
ᾄΜ,1.ψΜΝη’Μ,1
551178, 3. 713, 8 ι3’ 113, 11.
158,17.118,.1 κγ’ 1815. 517,
17. κδ’ 111, 1. κς’ 315, 17. κζ
111, 1111117. 5511718111,
5.151,8.κ1’311,1.1”,ἶ1133
118,11.

Epicharmus Σιμγγί 511, 1.

Epicrates 5151555515 151, 13.

epigrammata. v. incerti 555155.

Eratosthenes 11,1. 18, 1. 71, 5.
33,3. 137, 1.118,11.111,11
113,11. 311,17. 1115135111
518, 1. Γαλατικῶν ιι ’117, 11. β’
583, 11. 3’111, 15. 3551, 8.
ζ 115,11.1γ’115, 11155155-
ιμουμένωνγ’ 111, 1. Ερμῃ 115 11.
Ηριγόνῃ 111, 1.

85355515 3515γφριι (51515115,
15.135,ρ3. 355,11.115,11.

1153555518 11,7.118,1.355,11.
581, 11. περιόδου γῆςιί 113, 5.
131, 8. 155,ρ1.3 513,15.171,1.
585,15.1131,15.3’5,.1318,
517111. 571,11.185,1.ε’511,
1 ς3117.11,1.131,11.118,
1. 381,11. 1111. 571,7.111,11.

85555155 συλλογ γ] λέξεων 13,1.

Euphemiam v. Aphrodisius.

855555153513. 15, 1. 73,1. 78,
11. 17311. 111,13.113,1.131,
15. 111, 17. 111, 5. (53171, 5.)
155,13.155,17. 158,1.171,13.
517, 11. 535, 5. 3115155355 581,
13. Ἀνίῳ 118, 1. ’.1555117555-
0102551115751'0. Ἀριεμιδωρῳί37,
11. Διονύσῳ 11, 17. 111, 1. 711,
15. 0515571311. 181, 11. ’-Ιππο
μέδονῐι 112, 11. Κ1είιορι 711, 17.
Χιλιάσι 133, 1. 111, 11. 181, 11.

Ε5551151113.88,11.113,11.
113, 5. (111, 5.) 131, 8. Ma ρικᾳ
113,15. 311,1. Πόλεσιν131,17.
1153551 γένει 133, 5.

Ε55151355173,17.181,18.551,17.
Λ7γ5511111.Ἀ1.κνὶσῐι35531,3.
Ἀνδρ 5μ ppeiffi ῃ1,51 111515135517,

1175155515.)’χΕρε5ε.1ι, ”

13. Εὖρ 5531111, 11. 95557187,
11. (”Ιωνι 13 ,.3) Λικυμνίῳ 118,
15. Πλεισθένει 113, 1.
Ε5555155ἔκκὶησι555ι5] ἱστορίᾳ 111,
8551555155 511, 3.
Ε51555155353,13.

Favorinus 17,11. 11,.1 71,.7 111,
11.171,11.177,13.355,.5 383,
1. 511,11. 1πι55μῇ35ῆς Παμ-
φίλης 517,11. παντοδαπαῖς 111,
11. 118,11. παντὸδαπαῖς 1155-
ρίαις 711, 17. τοῖς παντοδαποις
111, 11. παντοδαπῆς 11ης 1555-
(ιιιεῆς ιι’ 518, 7.

Georgius Choeroboucus τῷ ὄνομα·
11555511, 15.

Glaucus Ἀραβικοῖς(ᾌραριιι]’ αρχαιο-
λογίῳ, περ 1Ἀρ.αβίιις)118,8 111,

1541555115 5555. 557, .

18.175,15.183,17.171,11.
111,81816γ1811.111..3 5¹ 155,
115555 περὶ παρωνὺμ ων 11, 8. 31,
11. 11,.3 113,18.111,8.181,11.
Hecataeus 1535551511711. 357, 11.
Hecataeus 5111555551, 5. 8, 13 et
15.,.,11138.18,.1538,.3
11,11. 15,1. 111, 11.117,11.
155,15.158,.1 171,11.111’, 11.
118,115111115,13. 117,
15.113,11.135,1. 177,5. 178,
,11. 181, 18. 315, 7. 311, 11. 317,
1. 311, 13. 351, 7. 351, 11. 311,
15. 383,.5 51311118,7.151,.1
153, 8151, 13. 185,1., 511,11.
5511. 571,11.515,11.153,1.
(181, 1. 581,, 1.) 585,1. 5551515
(περιηγήσει '135 ρώπης) 15, 3515.
87,3.111,1.118,5.155,15.
11111. 117,11. 111, 5. 111, 5.
11311. 115,15.131,18.111,.3
118, 15111, 11. 155, 3. 115, 11
et 17.157,15. 171, 11. 171, 11.
181, 11. 187, 1. 113, 5. 118, 8
5115. 315, 8. 331, 11. 331, 17
5111. 333,1. 338, 1. 311, 11.
311, 13. 317,11. 357, 1 et 1.
358, 1. 311, 1. 317, 11. 351, 11.

 

