rsa ’

Πόντου 763, 11. περίπλῳ τῶν
δύο Πόντιον 278,13. 677, 6. 686,
18. περίπλῳ Παφλαγονίας 625,

Metrophanes 285, 1.

Mnaseas 56, 18. 218, 16. 217, 16.
257, 1. περιηρροεων γ’ 266, 6.

Ne¹anthcs περὶ luciolus ἀνδρῶν 382,

a.

Nestor uiuamcnacoc α’ 653, 16.

Nicaenetus poeta 6, 7. (185, 16.)

Nicander Colophonius 181, 22. ὄιε-

uuunhn
ι · ι · s
8. Σικελίας η’ 283, 16.

Nicander 'l‘hyatirenus 316, 6.

Nicanor Hermiae, ὁ νέος Ὅμηρος,
Hierapolita1328, 1). 67, 1. 227,
3. 233, 18. 331, 16. 152, 6. 181,
8, 568,2.661,,11. 623,1. dv
fflfflffifflffffiffhssd
νομασίαις 567, 6. 615, 11.

Nicolaus Damascenus 86, 13. 121,
26. 568, 8. 656, 15. 6 131, 26.
132, 11. 315,16. 366, 21. 117,1.
173, 18. 171, 1. 515, 21. 628, 3.
ε’ 12, 13. 126, 2. 181, 12. 116,
15. 573,1. 576, 16.

Nicostratus 173, 11. rua, 13.

ΝιιτιῳΙιὶιῚπερλ Ἡρακλείας α’ 651,1.
672,1 .

Nymphodorus 36, 2

olympianus 237,15.
568,1.

oracula. ι. indicem rerum in χρη-
σ οί.

ordi 17, 8. 33, 17. 16, 6. 251, 1.
186, 2. 185, 12. 517, 7. 568, 15.
683, 5. ίθνικοῖς 258, 1. ldm-
affluamrwana
ὀρ6ογραιρίαΠ 588, 15.

Palac halus Τρωικῶν ζ’ 688, 15.

Pamphile 517, 15.

Panyasis 633, 6. Ἡρακλείας α’ 162,
8. ια’ 131, 25. .

Pargrenisous 78, 1. 286, 7. 663,

Parmeno Byzantius 661, a. ἰάμβων
4α’ 186, 13. 672, 11.

Parthenius Nicaeensis 176, 21. 262,
6. 266, 8. 266, 13. 273, 5125,
3. 163,15. 165, 6. 172, 5(3).
613, 21. Ἀνθίππρ 381, 16. 168,
15. ’Λῳροιῐίιρ 56,11. inundato>
eis Λύξίίλεμιν 167,16. Δήλῳ 161,
18. 213,11. 765, 15. Ἡρακλεῖ
338,17. 186,11. Ἰιρίκλῳ 168, 21.

Ἀραβικοῖς

Λευκαδίᾳ 321, 26. προπεμπιικῷ
ihm
PartheniusPhocaeensis212,11. 221,
11. 158, 7. α’ 676, 26. Παρθέ-
νιος 6 Φωκαεύς male logi videtur
pro ὁ Νικαεύς 765, 15.
Pausanias 178, 15. 162,1. 181, 8.
περιηγήσει τῆς Ἑλλάδος α’ 11, 1.
83, 16. 277, 8. 281, 16. 588, 6.
ῥ’ 63, 16. 168, 16. 377, 7. 135,
mausnamnwa

nnumanwshn Ἴ

573,18. 577,11. 561, 23. 658,18.
d 89,-10. 316, 6. 317,16. ε’ 166,
8. ς’ 6, 5. 215, 7. ζ38,8. 121,
6. 211, 8. 712, 3 et 5. η’ 56, 5.
56, 6. 85, 8. 166, 5. 161,12.
176, 6. 185,16. 211,16. 287,11.
368, 6. 326, 21. 355, 15. 121, 13.
111, 7. 176, 3. 183, 1. 186, 17.
161, 21. 576, 7. 668,22. 631, 15.
688, 21. 765, 1. (163, 1. 68, 5.
122, 6. 135, 8. 232, 6. 315, 8.
368, 6· 183, 5 et 8. 166, 8. 183,
1. 665, 23. ι’ 66, 3. 221,11 et
13. 238, 18. 276, 7. 316, 6. 363,
26. 117, 11. 162, 6. 175, 21. 581,
16. 666, 6. 687, 6(ιι51ι. notas).
688, 7. ἐν τῇ τῆς πατρίδος αὐτοῦ
κτίσει 256, 7. lv κτίσει Μαριαμ-
iiii fild, 1. περὶ Ἀντιοχείας
y ι

Pherecrates comicus 31, 3.

Pherecydes 51, 18. 66, 16. 77, 6.
233, 16. 256,,17. (568, 16.) 672,
13. α’ 653, 13.

Phileas 16, 1. 85, 2. 66, 1. περί-
πλοις 61, 15.

Philemo comicus 382, 16. ’[1ῳὴ-
βοις 386, 15. Πιερυγίῳ 33, 22.

Philetas 312, 18. 668, 2.

Philiudes Megarensis 316, 13.

Philistus 85, 3. 128, 6. 157, 10.
186, 6. 631, 16. Σικελικῶν α’
211, 12. 128, 7. 616, 26. ,1 261,
6. 275, 7 et1u. 286, 11. 321,
15. 316, 16. 377, 7. 156, 11. γ’.
366, 18. 118,17. 181,12. d‘ 163,Ι
8. 615, 5. ε’16,8. 157,13. ς’
226, 18. 328, 26. 168, 5. ζ’ 667,
1. η’ 111, 1. 261, ,16. 275, 12.
382, 11. 153, 16.,667, 8. θ’ 115,
12. 365, 13. 626, 16. 1118, 26.
165,12. ια’ 165, 3. 176, 18. 613,
18. ιγ’ 382, 13. (ιε’ 178, 18.)

Herennius Philo 11, 6. 31, 2. 33, 17.
16, 1. 71, 16. 77, 8. 66, 2. 161,3
erc. 111, 3. 128, 6. 131,15.

 

