75

155, 2. 177, 8. 180, 10. 183, 2.
203, 15. 213, 0. 280, 0. 283, 13.
333, 13. 303, 20. 110,8. 111, 10.
131,10.138,11. 110,18.113,1.

182, 11. 180, 0. 812,13. 821, 21.
858’, 1. ἰατρικοῖς 215, 2. περὶ
2515115308, 8. περὶ 5101115585,

21. 01, 1. Φοινικικοῖς170, 18

555555555Λ5
515,15. 15 555,15. 555,15.
5’55Μ.5οΛ5155
uwwlurhffiswwo,
5.5Μ5Μ,5.505.5,
15.155,11.115,15 551,15.
fflmrfflaemuwmum
5.ω,5.55,5.5μ5.5,

511518.151,13.1η’51,15115,1.
Philochorus 181, 23. 582, 11. 'Ar-
owdmwussmssm

15’(115115,’)554, 8. κ’101,11.
313,1. κς’151, 0. 217130.
5. 308, 3. λζ’ 158, 0.
Ρ111151155115111157,10.0512113,Ρ51551151111115 Λυκιακοῖς 330,12.
12. 5551555555355, 1’.0 582, 17. 081, 22.
Philoxenus 101,1.355111151115151 Polystratus 4l4, 1.
Homeri 55, 18. 218, 0. · Porphyrius φιλοσόφου ἱστορίαςγ’
Philyllius «11551107, 1. 103,17.
'Phlegon (00, 17.) 102, 2. 215, 15. Posidippus 150, 0. 205, 5518.
201, 13. (411, 11.) 157,8. 571, 0. Priscuse'552,15.
017,0712, 17 31511511155125, Ρ1551511115551552.
20. 523, 0. ὀλυμπιιὶδωνα’ 201,
2 233, ’13. η’115, 15. ιε ’,177 17.
172, 12. 101, 11. 577, 8. 018, 22.
070, 10. 111ομ5111131.μῆ 113,’ 18.
5151151531 ρμ 171, 13. 015515ιά31
ρπα 801, 18. χρονικῶνη ’382, 18.
Phrynichus 10, 2. 31, 2. 112, 0.
207, 2 312, 0. 388, 8. 300 .
παρασκευῇ σορασπκῇ 800, 1.
Phylarchus ἐν τι) ζ’ 32513.
Pindarus (55, 00) 101, 13. 383, 10.
308, 18 813,11.

Protarchus 850, 3.
proverbia. v indicem return in πα-
55555555 888, 01515 περὶ πόρων
5111115νά 200, 23.
015113155Ρ15151115505 185, 5. γεω-
γραφικῶνγ’72, 1. ε’ 887, 10.
..51554'0255‘5 ‘¹⁹’ ⁹·
‚ .
Pytheas Massiliensis 712, 22. 713,1.
Quadratus Asinius 172, 8. 101, 15.
205, 20. 208, 0. 217, 3. 118, 23.
118,1. 521, 12. 802, 23. Ῥω-
55555555 ,51111111ος β’ 07, 3. ε’ 320,

Pisander Camircnsis 351, 20.
Pisandes 12, 2. (383, 100) ζ’ 177,
17.ι’,’1382.380,12.1γ1’01,10. 8. ι’307, 13. ‘5555515525555'
188, 17. ἰδ’ 121, 15. κ”ς ’172, 1. χίας 157 307,13. 1159555555'
Plato Πρωταγόρᾳ 305, 3. 803, 0. 207,12. 137, 12. 8 208, 8. 713,
802, 15. περὶ ψυχῆς, 700, 7. 8.’γ 205,13.808,1.713,3.17’
Plutarchus 54, 7 υπομνήαατιΝι- 870, 17.ς ’,705 12 555512.
κανδρου 37511. η’ 101, 15. 137, 2. 5'552’, 1.
Polemo periegets 210, 11. 285, 1. 503, 0. 823, 10.
382, 17. 151, 8. . 1101555123, 18. 32, 10. 18, 8. 87,
. Polybius 27, 15. 11, 5. 82,17. 78, 15. 88,1.(1511.5115111888) 01,
7. 121, 2. 125, 8. 153,18(ubi 7518. 182, 8. 185, 5. 202, 18.
5.ῐ1ο1.).188, 1.180,5.332,15. 383, 18. 120, 3. 858, 22. 851, 1.
505, 2. 888, 8. α’ 188, 1 (0).
280, 1. 335, 15. 455, 11.·501, 3.
' 500, 10. 881, 10. 8111, 13.
γ’ 111, 12. 158, 22. 200, 1. 310,
8. 308, 12. 110, 11. 157, 5. 178,

875, 11. :11555355105 21. 112,
18. ’171, 11. γ’ 851, 22. d‘ 577,
111115511555112, 1.111,8
170, 211. γ’,110 1185155210511
3’ 122, 2. 202, 22. 250, 11. 281,

15551555ωω5
555515555ω5
ΜΛ5Μ555555,
5552551555
Μ5155551
555555555,5
555ΜΛ2555,15
ΜΛ.Η5555155

0. 287, 10. 372, 1. 503, 8. 501,
11.010,11. 88020. ε’,201 0.
ζ200, ’12. η’ 128, 11. 113, ’10.
5¹ 071, 15. 117 300, 8. ιε’ 031,
11.1ς’15,0.10,7. Μεσσηνια-
κῶνα ’337μο 8287, 7. ε’,881

112ὸ9ς’9111,5.1ε’837,11. ‘¹555

 

