727

Ηπειρ515511511151ι188,7. Τενε-
811511 πολιτείᾳ 818, ’3.

Aristoteles θαυμασίοις ἀκούσμασιν
28,15.285,18.299,8.185,13.
192, 9. 198, 19. 559,1. 578, 12.
897,18. 821, 12. 831,11, 783,1.
θαυμασίων ἀκουσμάτων ι’ 282, 5.

Armeuidas 73, 9.

811155518, 19. 78, 18. 1881. 178,
515515311531515. 597,
2. 813,7. 12111155115151-
urucy') 79, 18. 5¹ 135, 29. Br-
8υνιακοΐς 81,2. 137, 15. 831,13.
Βι8υνιακῶνιι ’1,91 13. ε ’,178 11.
139,13.175,19.’1ν8ι1151113’8,1.
115(18ικῶν,1’298, 11. 8 191, ’17.
ς’ 8’95, 19. η’ 281, 22. 8’ 115,1.
ι’ 858, 8. 798, 12. ιη’ 388, 7
188, 18. 111235, 8. 385, 18. 8’77,
15. ις 8’2,9. 181, 12 ιζ’ 113 l.
περίπλῳ πόντου Εὐξείνου 35, 8.
153, 7. 188, 13. 818, 11.

Arterriidorus i⁴lphesius 5, 2. 18,19.
29, 7. 38, 2. 88, 7. 128, 19. 113,
1. 181, 13. 182, 3. 195, 11. 202,
28. 288, 2. 215, 13. 238, 8. 288,
8. 311, 3. 129, 7. 18212. 181,1.
581, 12. 829, 18. 813, 8. 859, 17.
712, 22. γεωγραφουέἐνωνιί 182,
13.’221,13. 315,17. 5828. 888,
7 (1518. 382,.2 321, 351
11. 358, 19. 388, 22. 173, 1’. 839,
13. 789, 17. 7185. γ’,181 21.
388, 8. ’11 882, l. 889, 17. 822,
28. 872, 28. ε’ 855, 13. ς 554, 4.
ζ’ 289, 4. 335, 4. 119, 7. η’ 781,
2. 785, 8. 8”255. 18. 892, 22.
853, 9. 781, 15. 1’,333 2 ’388,
19. 813, 8. ἰα’ 371, 281 885, 7.
ἐπιτομῇ τῶν 1181115 137,12. 153,
18. 228, 8. 255,18. 188, 12. 111,
3118,11.121,1.138,19.181,

11. 818, 19. 888, 2. 887, 8. 1115,

1515313883. 19818. 581, 7. 1111-
1ομῆς o ’,387 13.’51.Μ515155111.

Asclepiades 458, 19.

1511555155 398, 2.

Athenaeus 81111νοσοψστῶνβ 198,
2. 3,·25,12. 397,1. 821, 11. γ’
81, 11. 192, 22. 591, 3.

,111155585151’5551515515 περὶ τῆς
αὑτοῦ 551ρ18ος 23, 21.

81511281.

Balacrus 111511185151151ς211, 11. 189,
1. Μακεδονικῶν β’ 88, 7.

Bato 231, 3.

115151 Democritius l53, 18.

Callimachus 1, 2. 12, 15. (uhi v.

notas). 45, 18. 183. 71, set
19. 79, 18. 82, 25. 117, 11. 157,.8
221, 7. 218,.1 298, 1. 398, 9111111
1185551551. 381, 5. 312,1’7. 117,
13. 125, 2. 158, 11. 178, 8. 597,
8. 598, ’18. 881,’2. suhi, 15, 221
322, 8. 123, 1. 111, 12. 835, 21.
1111γροὶμμ11518211,1.282,17.
Αἰτίοις 837, 3. u 1’15,1. 13’8·, 5.
138,3. 117,1. 835128 217,
11. 393, 7. γ’,181 13. 227,5.
122,15.’8’ 223,15. 185, 9. 8115-
(1551511 382, 3. 11153511 181, 18.
8μ11(1111’ Ἀρτεμιν 231, 3. 235, 18.
112, 18. (εἰςΔῆλον) 588, 2. ’1511 ’
atinga) 258,15.(51ς Δία) ,
05181155 831, 1.
Callistratus. ville-Domitius Cal-
listratus.
Callisthenes Ελληνικῶνγ’ 811, 7.
Cap lto 585 81,.1 225, 22. 5257.
’1155ρ11151ς158,1. Ἰσαυρικῶν’5’
288, 18. 379, 9. 199, l. ,175,5.
129, 9. 591,’15. γ’ 123, 15111,
21. 589, 23. ε’ 782, 11. ς’388,
18. 157,15
Castor 173, 18.
Cephalo 119, 5. 212,17.
Charax 7, 21. 13, 29. 32,12. 33, 8.

11, 15. us, 5. oo, 5. 11, 15. os, ·

11. 115, 19. 152, 25. 259, 7. 291.
18. 328, 11. 327, 8. 331, 3. 337,
14. 351, 11. 171, ’3. 811, ’.18 839,
9.’1’“1λ5’νικῶ1 β’ 28, 12. 598, 13.
γ’339, 8. 5¹ 883, 8. χρονικοῖς
798, 1. χρονικῶν u' 588, 22. ,1
21, ’.23 γ115,15.ς’175,2ν.
ζ’118,.1θη’87,3.,88818’.’8
818, 18. ι ’,125 18. 355, 9. 339,
seis. 551,1’1.ιι1”258,1’
51388, 1. ις ’789, 3. Ἑλληνικῶν
incertum 55 χρονικῶν 11 11819.
71,812. ζ251,13. ι’,3788’ aff
015551(Θ1σσαλικοῖς)217, 1. 299, 11.
015118155151155331,13.118,8.
ι1511111111151115159,13. γ255, ’.8
,015581155555555 πἐρὶλιμένιον 131,
0118111555 15551511 128, 3.
Craterus περὶ 'l' 5515511151 881,17.
883, 7. γ’358, 15. 8’127,’ 11.
258312.111,9.813,3.1155515-
115’15511,511“18115 tacito nomino
1551151111,’1. Episuetrum l.
Crates 173, 12. 888, 8.
Cratinus 27, 11 (uisi legendum

 

