TW

373, 13. 373,19. 377,12. 378, 9.
389,13. 382, 1. 38319. 383,1
3112. 383, 123118. 393, 11.
397, 3. 399, 1. (περιηγήσεως ιε’)
198,21.199, 19. 113, 9. 113, 8.
ΜΛΜ1Μ3ΜΑ1
125, 5. 129, 11. 129, 11. 131, 13.
133,19.133,17.1,37,8.11,9 3.
111,3.113,13111.139,3

317, 18. 389, 23. 389, 113391, 11.
123, 11. 133, 9. 193,13. 583,17.
339,18. 339, 19. 793,11. γε·

νεαλογιῶν α’ 89, 4. (13113333 etiam
8813.) 3 377, 3, 795,1. ‹l‘ 112,

-3Μ3Μ3Μωηω,

1. 333,19. de 19113 locis ad 113-
cataeum referendis v. nd 313, 1.
323,11.333,1.331.17.381,29.

3133117131, 11. 133, 11. 833311333311311ηνιιικοῖς197,11.
133,7.137,9.132,33112,113113131111731313331311371,1.
133,13119133,3.173,1. Η3113111311,19,137,’.11

179, 33113. 189, 1.1 181,13.Η311311331’,3 13.33,17. 38,11

485, 11. 189,11. 191, 1. 191,·19
3125. 193, 7. 313,1. 319, 21.
319, 8. 337, 21. 333, 13. 379, 3.
373, 11. 379, 3. 389, 9, 381, 19.
392, 17. 391,17. 323, 93331, 11.
¹ 337, 12. 373, 23. 373, 8. 378, 1

31 18. 379, 5. 383, 9. 383, 3.
387, 2. 399, 11. 391, 19 3112
393, 8. 799,13. ἈσίςιΜσίαςπε
SWWWWWWW
29. 289, 8. (περιηγήσει) 281, 11.
291, 292931. 297, 19. 318, 3.
321,83119. 333, 7. 339,3.
sammamnmm
9293312 31193112
Ἴ 373, 13. 389, 21. 383, 45. 388,'12.

389, 9, 392, 7. 393,1.9 393,13.

3113, 73,13. 79,12. 118, 1.
119, 7. 119, 5. 132, 3. 199, 7.
291, 1. 312, 7. 319, 29. 313, 1.
339,13.(372, 12.)119, 12. 118,
11. 181,13. (3331.) 383,13.
339,11.959,11. Δευκαλιωνείας
1119, 19.78,17.131,11.313,7.
319,9, 198, 8. 131, 12. 331, 29.
83313. 3131,11. 331,29.1ε-
133ᾙ3Ἥ12
173, 15. 337, 2. 372, 3. 378, 3,
584,5. γ’989,.8 motum ro'vuir
καὶ πόλεων 388, 17. Κυπριακσις
331, 11. Amisiam α’ 139, 8.
339, 3. 3 139, 1. ἐν τοῖς περὶ

’ Λυδίαν 32 3. Ι1ερσικῶνεί 1273.

379,13.3 313,1. Σκυθικοις 89
29.88,8. Τρωικοις 93915. Τρωι-

(περιηγήσεως 3) ,193 13. 199, 19.
(191, 2911311131113ιεῑ,ηιιοιΙἘκιι-
ταῖος scribendum vide4ur.) 1921.
193, 3317. 119, 11. 118, 11.
121, 1. 129, 3. 132, 21. 454, 4.
(περ ιηγησεως 3 ) 133, 11. 139, 45.
113, 3. 111, 21. 112, 13. 118, 8.

κῶνιί 139, 18. 313 2

Η31331339131133113 rel Glauci 5-
1131,33111331131311131131122311
(31ὲ131..13133) 445, 9, 138, 1.

Heraclide} Ponticus (maior) περὶ νή
33179819.

Heraclides Ponticus (minor) 233,
13. 128, 9. λεσχων’ α 138, 45.

Hermian περιηγήσει 381, 48.

Hermippus Beryllus 312, 3.

Hermippus comicus Θεσις 398, 44.

Hermogenes 31, 8.

Herodianus 4, 2. 8, 13. 23, 29, 27,
8139.19,13.38,13.32,19.
3321(13111311236313). 79,1.
93, 21. 19917. 129,12.·119,19.
131,13. 137, 22 173, l. 183, 21.
199,17. 29217. 293,18. 219,
11. 278, 9. 281, 11. 282, 2.
293, 29293, 3. 333, 21. 355, 2.
338, 3. 371, 4. 37911. 38923.
383,7.389,9.113,11. 123, 45.
133,2.131,2.183,1 329, 21.
322,1. 323, 4. 311, 2. 338, 11.

119, 9. 132,8.133,29.137,3.
139,12.139,13.131,29.132,12.
13323. 178,11. 18913. 181,13.
393,19. 31917. 312,13. 554,
11. 333, 19 et 18. 3333 317.
339, 23. 372, 23. 379, 3. 381,13.
584, 48. 585, 45. 588, 3. 311,13.
327, 13. 937, 7. 331,19. 33912.
383, 3. 387, 7. 391,13-17. 393,
17-19, Alolixoic (i. e. Asiae parte
ea 33901111611311188ΕΜ·
313 γυπεου
·· περιηγήσει (quae pars 1311113133
sive libri secundi) 445, 45. 121, 9.
171,17. 332,18.371,12.399,19.
397, 22. 391, 3. 798, 13 περι-

· γήσει (Λιβὺής) 299, 3. 237, 5.
263, 2. 281, 12. 311, 11. 328, 9.

 

