732

110, 20 111, 20. 112, 18. 131, 1
et 11. 155¹, 13 (1133131331).
169, 15. 178,.1. 232,10,238,18
(Demosthenes 8116133311. 210,
12. 307, 6. 313 ,19111631136333311
315111. 31616. 31313123,
2103111313363311. 153, 3. 503,
21. 509, 5: 511, 14. 611, 1. 617,
2. 558, 10. 606, 18. 623, 8. 660,
10. 661, 618ορ1331331). τραγο-
333113.167,1.σ.333113.

182, 22. 196,Ι 6. 208, 12. 211, 6
et 12. 221, 17, 230, 10, 286, 20.
287, 3. 296, 19. 311, 9. 337, 8.
300, 16. 366,12. 363,17. 385, 2.
398, 17. 399,18. 101, 6. 108,16.
116, 18. 117,1. 112,12. 161,10.
180, 2. 181, 13. 611, 13. 696, 7.
060, 14. 613, 12. 615, 3 et 6.
617, 9. 627, 3. 639, 15. 610,19.
667, 11. 679, 9. 685, 21. 686,
11-17.699,1.

incerti 333ρ13333’32, 18. 68, 21Η3- Ly'cnr 1163313139, 7. rr τῷ περλ

3333331363.16114113-
333331) 103 616133333 1) 131,
1. 112, ’10 (ex mon. 6163333633.
3371133131 168, 20. 171, 12.
176, 73112. 179, 19.’188, 13. 306,
16. 330, 22.- 313, 15. 361, 1. 372,
12. 387,11, 392,11.126’,1. 129,
1, 133, ’12. 108, ’18. 651, 5(Η3-
33133311). 551, ’11. 568, 1. 682, 3.
688, 2. 609, 3’. 620, 1. 672, 11.
676116. ’13313131 συγγραφεῖς
102, 8. γλωσσογράφοι 78, 7.
πίνακες 62, 9. ὑπομνημιηι6ταλ
carminum ’Homericorum 7, 11.

13 tragicus 620, 5. ·

13333633 265, 6. Ἰουδαῖκῇ’ αρχαιο-
λογίῳ 82 20. 606, 19. ’103631-
κῆς 6ρχα1ολογίας (ἱστορίας) ,1 200,
11. 6196,1.198,10. 31217
166, 19. 191, 15 et 17 256, 2
313, 291, 22. 306, 10. 321, 6.
173, 8. 667, 20. ς’ 156, 20. 192,
2, 265,1. 178, 3. 181, 6. 659,11.
κ’ 666, 11. (Ἰουδαϊκοῦ πολέ-
μου) γ’ 311, 4. 137, .17. 603, 19.

11333333 365, 20.

13133031Ι3113333(319,2). 105, 5.
120,11, 36616. αποικίαιςτης
Αἰγύπτου (ιωνΑΙγοπιίωκ) 10,11.
391319. 707,17. ‘11555215'55'
67618.

1363 110, 17. Ῥωμαὶκῆς ἱστορίας
α’,7 18. 103 3712 11 11
178,1.

lulianns imperator 622, 17.

Lepidus 181, 11.’ ἱστορικῆς ἔπιτο-

638163α16311133233’21’9”’2’2.” 317, 20.
152, 6. 691, 8. περλ Θεσσα1ονί-
κης 311, 8.

Lupercus 171, 1,

Lycop 1331, 0. 23, 11. 16, ’2 et 8.

= 50, 13. 76,17. 91,11, 96, 2.
96, 11. ’116, 6318. 123, 19.
113, 8. 118, 2-7, 171, 2. 189, 6.

Ἀλεξάν6ρ ου 676, 2

Lysippus conricnr Βάκχαις 311, 1.
'Marcianus 129, 16. 186, 6, 169, 11.

176, 22. (668, 37) 623, 6. Ἀρ-
{5550555555 11112 52.
σήμους πόλεις 86, 20. περίπλοος
669, 19. περίπλῳ 37 16.105,18.
321, 12.137,10. 6117,10. πε-
ριό6ων’ α 131, 16. περ ιόδου’ α
661 ..6131162136
14. περίπλῳἏ ρἀβίας 293, 18’
193, 17. περίπλῳ Βρεττανίαςι.
Πρετανεκῆε69, 16117, 17. πε-
3166316316
περίπλῳ Ἰβηρίας 323, 19. περί-
πλῳ τοῦ Περσικοῦ κ6λπου 26, 6.
376,1. 130,1. περίπλῳ τοῦ
’1661κοῦ κόλπου 132, 5. 677, 12.
περίπλῳ Ἰνδικῆς 132, 13. πε-
ρίπλῳ Κελπογαλπιίας 86, 20. πε-
ρίπλῳ Λιβύης 161, 6. περίπλῳ
Λουσεεανίας 110, ’.16 περίπλῳ
Περσικῆς θαλάττης 310, 20, 106,
0, 116, 13. περίπλῳ Σαρματίας

Μ16631”17,6. 111333633κῶκά

Μ6111163131333620,18.

Menander 135, 3. 336, 9. 366, 16
[313113311633611631.601,7.
611, 11 (nbi item ι’Λλέξαν6ρος
3336336313 udatur) Ἀλαῑς1Ἀρ 3-
ἱρηκίρρ) Ξ181Ὶὲ14317161ρρηφόρῳ,260, 1.
’1166331336ομένῳ 161,”1’8.”’ 3”’ ”

Menecrates 171, 20. Λοκιακῶν’ α

611111613613331389, 16. 288, 4.
91113163ςά 615, ’.0 0333111331
6 062,13. ’

Menippus 356, 13. 667, 9. περί-
πλῳ 122, 17. περίπίῳ ΒιθυνΙσς
682, 16.’ 683, 3. περίπλῳ τοῦ

 

